%YAML:1.0
---
LEFT_K: !!opencv-matrix
   rows: 3
   cols: 3
   dt: d
   data: [ 7.6003231440933143e+02, 0., 4.9932559361272149e+02, 0.,
       7.6003231440933143e+02, 2.8413696904839253e+02, 0., 0., 1. ]
LEFT_D: !!opencv-matrix
   rows: 1
   cols: 5
   dt: d
   data: [ 1.5577774454309077e+00, -2.4717900121672223e+00, 0., 0.,
       -2.0074398725689033e+01 ]
RIGHT_K: !!opencv-matrix
   rows: 3
   cols: 3
   dt: d
   data: [ 7.6003231440933143e+02, 0., 4.7014570906662016e+02, 0.,
       7.6003231440933143e+02, 2.8647169451601332e+02, 0., 0., 1. ]
RIGHT_D: !!opencv-matrix
   rows: 1
   cols: 5
   dt: d
   data: [ -4.0417876754336357e-01, 1.3683196090853813e+00, 0., 0.,
       -2.4864232368107869e-01 ]
R: !!opencv-matrix
   rows: 3
   cols: 3
   dt: d
   data: [ 9.9744462203301854e-01, 3.8233631246647340e-03,
       -7.1341487732076089e-02, -3.9340615514821134e-03,
       9.9999126576537778e-01, -1.4112238188338949e-03,
       7.1335468997674359e-02, 1.6882794124930549e-03,
       9.9745095146353302e-01 ]
T: !!opencv-matrix
   rows: 3
   cols: 1
   dt: d
   data: [ -7.5761767670919231e-02, 3.3051440445630883e-03,
       -3.6899181468603541e-02 ]
E: !!opencv-matrix
   rows: 3
   cols: 3
   dt: d
   data: [ 9.0610349426983728e-05, 3.6904439189140985e-02,
       3.2446460681895147e-03, -3.1400388884381153e-02,
       -1.3171937144476239e-05, 7.8201089749983549e-02,
       -2.9986466950274277e-03, -7.5773742715726691e-02,
       3.4271070440210287e-04 ]
F: !!opencv-matrix
   rows: 3
   cols: 3
   dt: d
   data: [ -3.2501599602428700e-06, -1.3237486817597927e-03,
       2.8929302551861658e-01, 1.1263204185114708e-03,
       4.7247254840696389e-07, -2.6944592249608745e+00,
       -2.3938152394616938e-01, 2.6879692499860797e+00, 1. ]
