%YAML:1.0
---
CameraMatrix: !!opencv-matrix
   rows: 3
   cols: 3
   dt: d
   data: [ 1.0737178194923993e+03, 0., 6.4591624109802228e+02, 0.,
       1.0727132710647086e+03, 3.5393832410797802e+02, 0., 0., 1. ]
DistCoeffs: !!opencv-matrix
   rows: 14
   cols: 1
   dt: d
   data: [ -4.2965582419146076e+00, -1.1968950696618810e+01,
       -3.4792373500295462e-03, 1.4498385130203241e-03,
       3.8447169013265331e+01, -4.2763777451539493e+00,
       -1.2067767893251883e+01, 3.8418232782728225e+01, 0., 0., 0., 0.,
       0., 0. ]
RMS: 3.0277908705053236e-01
