%YAML:1.0
---
LEFT_K: !!opencv-matrix
   rows: 3
   cols: 3
   dt: d
   data: [ 5.7823235936577294e+02, 0., 5.0199177281650731e+02, 0.,
       5.7969698961155552e+02, 2.8116135807494015e+02, 0., 0., 1. ]
LEFT_D: !!opencv-matrix
   rows: 1
   cols: 5
   dt: d
   data: [ 6.1201984202658662e-02, -8.2686357679205708e-02,
       -4.5747787193514923e-03, 1.2462682344399760e-02,
       7.1950714828874149e-03 ]
RIGHT_K: !!opencv-matrix
   rows: 3
   cols: 3
   dt: d
   data: [ 5.7544938339251928e+02, 0., 4.9511965444479694e+02, 0.,
       5.6890136276499834e+02, 2.6598147981385603e+02, 0., 0., 1. ]
RIGHT_D: !!opencv-matrix
   rows: 1
   cols: 5
   dt: d
   data: [ 1.0103756501757477e-01, -1.8926024989277268e-01,
       -8.7697337491215010e-03, 7.7299506530577964e-03,
       1.4521646215339637e-01 ]
R: !!opencv-matrix
   rows: 3
   cols: 3
   dt: d
   data: [ 9.9998332258311606e-01, 5.7072594652432876e-03,
       8.8416346226738668e-04, -5.7278532076096029e-03,
       9.9966180117979309e-01, 2.5366808226574573e-02,
       -7.3908948287343846e-04, -2.5371449532262166e-02,
       9.9967781974762659e-01 ]
T: !!opencv-matrix
   rows: 3
   cols: 1
   dt: d
   data: [ -1.2744806138731377e-01, 4.4574598711694946e-03,
       -1.2762240814062282e-03 ]
E: !!opencv-matrix
   rows: 3
   cols: 3
   dt: d
   data: [ -1.0604485909423048e-05, 1.1627002457641163e-03,
       4.4883974971504249e-03, -1.3703983190691573e-03,
       -3.2408257994412585e-03, 1.2740587174802906e-01,
       -3.7273817450320288e-03, -1.2743039848335558e-01,
       -3.2368916552133033e-03 ]
F: !!opencv-matrix
   rows: 3
   cols: 3
   dt: d
   data: [ 1.3073072803978988e-08, -1.4297403429943750e-06,
       -2.8040722574802319e-03, 1.7088542883194958e-06,
       4.0310227577064588e-06, -9.3856192702259658e-02,
       2.1832326686737347e-03, 8.9807274026530451e-02, 1. ]
